<?xml version="1.0"?>
<opencv_storage>
<calibrationDate>"Tue 08 Aug 2017 04:50:40 PM CST"</calibrationDate>
<framesCount>29</framesCount>
<cameraResolution>
  1280 960</cameraResolution>
<cameraMatrix type_id="opencv-matrix">
  <rows>3</rows>
  <cols>3</cols>
  <dt>d</dt>
  <data>
    1.3143201548195295e+03 0. 6.4382214585816791e+02 0.
    1.3143201548195295e+03 4.6048811694204653e+02 0. 0. 1.</data></cameraMatrix>
<cameraMatrix_std_dev type_id="opencv-matrix">
  <rows>4</rows>
  <cols>1</cols>
  <dt>d</dt>
  <data>
    0. 2.7675220689469433e+00 1.3841486505458804e+00
    1.6468405689161352e+00</data></cameraMatrix_std_dev>
<dist_coeffs type_id="opencv-matrix">
  <rows>1</rows>
  <cols>5</cols>
  <dt>d</dt>
  <data>
    -2.2994138237766062e-01 1.6956835923727956e-01 0. 0. 0.</data></dist_coeffs>
<dist_coeffs_std_dev type_id="opencv-matrix">
  <rows>5</rows>
  <cols>1</cols>
  <dt>d</dt>
  <data>
    1.6945227955408662e-03 5.2818932492400463e-03 0. 0. 0.</data></dist_coeffs_std_dev>
<avg_reprojection_error>1.1593740702144717e-01</avg_reprojection_error>
</opencv_storage>
